------------------
Step 1 - 3 @ R2C7
------------------
0 2 5 0 0 7 0 0 4
0 0 1 0 0 5 3 2 0
7 0 0 0 2 0 5 0 0
5 0 9 0 0 4 8 0 0
0 0 0 0 0 0 0 0 0
0 0 7 5 0 0 6 0 9
0 0 3 0 7 0 0 0 6
0 4 0 1 0 0 7 0 0
8 0 0 2 0 0 9 1 0
------------------
Step 2 - 1 @ R1C7
------------------
0 2 5 0 0 7 1 0 4
0 0 1 0 0 5 3 2 0
7 0 0 0 2 0 5 0 0
5 0 9 0 0 4 8 0 0
0 0 0 0 0 0 0 0 0
0 0 7 5 0 0 6 0 9
0 0 3 0 7 0 0 0 6
0 4 0 1 0 0 7 0 0
8 0 0 2 0 0 9 1 0
------------------
Step 3 - 8 @ R3C9
------------------
0 2 5 0 0 7 1 0 4
0 0 1 0 0 5 3 2 0
7 0 0 0 2 0 5 0 8
5 0 9 0 0 4 8 0 0
0 0 0 0 0 0 0 0 0
0 0 7 5 0 0 6 0 9
0 0 3 0 7 0 0 0 6
0 4 0 1 0 0 7 0 0
8 0 0 2 0 0 9 1 0
------------------
Step 4 - 7 @ R2C9
------------------
0 2 5 0 0 7 1 0 4
0 0 1 0 0 5 3 2 7
7 0 0 0 2 0 5 0 8
5 0 9 0 0 4 8 0 0
0 0 0 0 0 0 0 0 0
0 0 7 5 0 0 6 0 9
0 0 3 0 7 0 0 0 6
0 4 0 1 0 0 7 0 0
8 0 0 2 0 0 9 1 0
------------------
Step 5 - 6 @ R9C3
------------------
0 2 5 0 0 7 1 0 4
0 0 1 0 0 5 3 2 7
7 0 0 0 2 0 5 0 8
5 0 9 0 0 4 8 0 0
0 0 0 0 0 0 0 0 0
0 0 7 5 0 0 6 0 9
0 0 3 0 7 0 0 0 6
0 4 0 1 0 0 7 0 0
8 0 6 2 0 0 9 1 0
------------------
Step 6 - 4 @ R3C3
------------------
0 2 5 0 0 7 1 0 4
0 0 1 0 0 5 3 2 7
7 0 4 0 2 0 5 0 8
5 0 9 0 0 4 8 0 0
0 0 0 0 0 0 0 0 0
0 0 7 5 0 0 6 0 9
0 0 3 0 7 0 0 0 6
0 4 0 1 0 0 7 0 0
8 0 6 2 0 0 9 1 0
------------------
Step 7 - 2 @ R8C3
------------------
0 2 5 0 0 7 1 0 4
0 0 1 0 0 5 3 2 7
7 0 4 0 2 0 5 0 8
5 0 9 0 0 4 8 0 0
0 0 0 0 0 0 0 0 0
0 0 7 5 0 0 6 0 9
0 0 3 0 7 0 0 0 6
0 4 2 1 0 0 7 0 0
8 0 6 2 0 0 9 1 0
------------------
Step 8 - 8 @ R5C3
------------------
0 2 5 0 0 7 1 0 4
0 0 1 0 0 5 3 2 7
7 0 4 0 2 0 5 0 8
5 0 9 0 0 4 8 0 0
0 0 8 0 0 0 0 0 0
0 0 7 5 0 0 6 0 9
0 0 3 0 7 0 0 0 6
0 4 2 1 0 0 7 0 0
8 0 6 2 0 0 9 1 0
------------------
Step 9 - 9 @ R8C1
------------------
0 2 5 0 0 7 1 0 4
0 0 1 0 0 5 3 2 7
7 0 4 0 2 0 5 0 8
5 0 9 0 0 4 8 0 0
0 0 8 0 0 0 0 0 0
0 0 7 5 0 0 6 0 9
0 0 3 0 7 0 0 0 6
9 4 2 1 0 0 7 0 0
8 0 6 2 0 0 9 1 0
------------------
Step 10 - 6 @ R2C1
------------------
0 2 5 0 0 7 1 0 4
6 0 1 0 0 5 3 2 7
7 0 4 0 2 0 5 0 8
5 0 9 0 0 4 8 0 0
0 0 8 0 0 0 0 0 0
0 0 7 5 0 0 6 0 9
0 0 3 0 7 0 0 0 6
9 4 2 1 0 0 7 0 0
8 0 6 2 0 0 9 1 0
------------------
Step 11 - 3 @ R1C1
------------------
3 2 5 0 0 7 1 0 4
6 0 1 0 0 5 3 2 7
7 0 4 0 2 0 5 0 8
5 0 9 0 0 4 8 0 0
0 0 8 0 0 0 0 0 0
0 0 7 5 0 0 6 0 9
0 0 3 0 7 0 0 0 6
9 4 2 1 0 0 7 0 0
8 0 6 2 0 0 9 1 0
------------------
Step 12 - 9 @ R3C2
------------------
3 2 5 0 0 7 1 0 4
6 0 1 0 0 5 3 2 7
7 9 4 0 2 0 5 0 8
5 0 9 0 0 4 8 0 0
0 0 8 0 0 0 0 0 0
0 0 7 5 0 0 6 0 9
0 0 3 0 7 0 0 0 6
9 4 2 1 0 0 7 0 0
8 0 6 2 0 0 9 1 0
------------------
Step 13 - 8 @ R2C2
------------------
3 2 5 0 0 7 1 0 4
6 8 1 0 0 5 3 2 7
7 9 4 0 2 0 5 0 8
5 0 9 0 0 4 8 0 0
0 0 8 0 0 0 0 0 0
0 0 7 5 0 0 6 0 9
0 0 3 0 7 0 0 0 6
9 4 2 1 0 0 7 0 0
8 0 6 2 0 0 9 1 0
------------------
Step 14 - 6 @ R3C8
------------------
3 2 5 0 0 7 1 0 4
6 8 1 0 0 5 3 2 7
7 9 4 0 2 0 5 6 8
5 0 9 0 0 4 8 0 0
0 0 8 0 0 0 0 0 0
0 0 7 5 0 0 6 0 9
0 0 3 0 7 0 0 0 6
9 4 2 1 0 0 7 0 0
8 0 6 2 0 0 9 1 0
------------------
Step 15 - 9 @ R1C8
------------------
3 2 5 0 0 7 1 9 4
6 8 1 0 0 5 3 2 7
7 9 4 0 2 0 5 6 8
5 0 9 0 0 4 8 0 0
0 0 8 0 0 0 0 0 0
0 0 7 5 0 0 6 0 9
0 0 3 0 7 0 0 0 6
9 4 2 1 0 0 7 0 0
8 0 6 2 0 0 9 1 0
------------------
Step 16 - 3 @ R3C4
------------------
3 2 5 0 0 7 1 9 4
6 8 1 0 0 5 3 2 7
7 9 4 3 2 0 5 6 8
5 0 9 0 0 4 8 0 0
0 0 8 0 0 0 0 0 0
0 0 7 5 0 0 6 0 9
0 0 3 0 7 0 0 0 6
9 4 2 1 0 0 7 0 0
8 0 6 2 0 0 9 1 0
------------------
Step 17 - 1 @ R3C6
------------------
3 2 5 0 0 7 1 9 4
6 8 1 0 0 5 3 2 7
7 9 4 3 2 1 5 6 8
5 0 9 0 0 4 8 0 0
0 0 8 0 0 0 0 0 0
0 0 7 5 0 0 6 0 9
0 0 3 0 7 0 0 0 6
9 4 2 1 0 0 7 0 0
8 0 6 2 0 0 9 1 0
------------------
Step 18 - 1 @ R7C1
------------------
3 2 5 0 0 7 1 9 4
6 8 1 0 0 5 3 2 7
7 9 4 3 2 1 5 6 8
5 0 9 0 0 4 8 0 0
0 0 8 0 0 0 0 0 0
0 0 7 5 0 0 6 0 9
1 0 3 0 7 0 0 0 6
9 4 2 1 0 0 7 0 0
8 0 6 2 0 0 9 1 0
------------------
Step 19 - 5 @ R7C2
------------------
3 2 5 0 0 7 1 9 4
6 8 1 0 0 5 3 2 7
7 9 4 3 2 1 5 6 8
5 0 9 0 0 4 8 0 0
0 0 8 0 0 0 0 0 0
0 0 7 5 0 0 6 0 9
1 5 3 0 7 0 0 0 6
9 4 2 1 0 0 7 0 0
8 0 6 2 0 0 9 1 0
------------------
Step 20 - 7 @ R9C2
------------------
3 2 5 0 0 7 1 9 4
6 8 1 0 0 5 3 2 7
7 9 4 3 2 1 5 6 8
5 0 9 0 0 4 8 0 0
0 0 8 0 0 0 0 0 0
0 0 7 5 0 0 6 0 9
1 5 3 0 7 0 0 0 6
9 4 2 1 0 0 7 0 0
8 7 6 2 0 0 9 1 0
------------------
Step 21 - 3 @ R9C6
------------------
3 2 5 0 0 7 1 9 4
6 8 1 0 0 5 3 2 7
7 9 4 3 2 1 5 6 8
5 0 9 0 0 4 8 0 0
0 0 8 0 0 0 0 0 0
0 0 7 5 0 0 6 0 9
1 5 3 0 7 0 0 0 6
9 4 2 1 0 0 7 0 0
8 7 6 2 0 3 9 1 0
------------------
Step 22 - 5 @ R9C9
------------------
3 2 5 0 0 7 1 9 4
6 8 1 0 0 5 3 2 7
7 9 4 3 2 1 5 6 8
5 0 9 0 0 4 8 0 0
0 0 8 0 0 0 0 0 0
0 0 7 5 0 0 6 0 9
1 5 3 0 7 0 0 0 6
9 4 2 1 0 0 7 0 0
8 7 6 2 0 3 9 1 5
------------------
Step 23 - 3 @ R8C9
------------------
3 2 5 0 0 7 1 9 4
6 8 1 0 0 5 3 2 7
7 9 4 3 2 1 5 6 8
5 0 9 0 0 4 8 0 0
0 0 8 0 0 0 0 0 0
0 0 7 5 0 0 6 0 9
1 5 3 0 7 0 0 0 6
9 4 2 1 0 0 7 0 3
8 7 6 2 0 3 9 1 5
------------------
Step 24 - 8 @ R8C8
------------------
3 2 5 0 0 7 1 9 4
6 8 1 0 0 5 3 2 7
7 9 4 3 2 1 5 6 8
5 0 9 0 0 4 8 0 0
0 0 8 0 0 0 0 0 0
0 0 7 5 0 0 6 0 9
1 5 3 0 7 0 0 0 6
9 4 2 1 0 0 7 8 3
8 7 6 2 0 3 9 1 5
------------------
Step 25 - 4 @ R7C8
------------------
3 2 5 0 0 7 1 9 4
6 8 1 0 0 5 3 2 7
7 9 4 3 2 1 5 6 8
5 0 9 0 0 4 8 0 0
0 0 8 0 0 0 0 0 0
0 0 7 5 0 0 6 0 9
1 5 3 0 7 0 0 4 6
9 4 2 1 0 0 7 8 3
8 7 6 2 0 3 9 1 5
------------------
Step 26 - 3 @ R6C8
------------------
3 2 5 0 0 7 1 9 4
6 8 1 0 0 5 3 2 7
7 9 4 3 2 1 5 6 8
5 0 9 0 0 4 8 0 0
0 0 8 0 0 0 0 0 0
0 0 7 5 0 0 6 3 9
1 5 3 0 7 0 0 4 6
9 4 2 1 0 0 7 8 3
8 7 6 2 0 3 9 1 5
------------------
Step 27 - 7 @ R4C8
------------------
3 2 5 0 0 7 1 9 4
6 8 1 0 0 5 3 2 7
7 9 4 3 2 1 5 6 8
5 0 9 0 0 4 8 7 0
0 0 8 0 0 0 0 0 0
0 0 7 5 0 0 6 3 9
1 5 3 0 7 0 0 4 6
9 4 2 1 0 0 7 8 3
8 7 6 2 0 3 9 1 5
------------------
Step 28 - 6 @ R4C4
------------------
3 2 5 0 0 7 1 9 4
6 8 1 0 0 5 3 2 7
7 9 4 3 2 1 5 6 8
5 0 9 6 0 4 8 7 0
0 0 8 0 0 0 0 0 0
0 0 7 5 0 0 6 3 9
1 5 3 0 7 0 0 4 6
9 4 2 1 0 0 7 8 3
8 7 6 2 0 3 9 1 5
------------------
Step 29 - 8 @ R1C4
------------------
3 2 5 8 0 7 1 9 4
6 8 1 0 0 5 3 2 7
7 9 4 3 2 1 5 6 8
5 0 9 6 0 4 8 7 0
0 0 8 0 0 0 0 0 0
0 0 7 5 0 0 6 3 9
1 5 3 0 7 0 0 4 6
9 4 2 1 0 0 7 8 3
8 7 6 2 0 3 9 1 5
------------------
Step 30 - 6 @ R1C5
------------------
3 2 5 8 6 7 1 9 4
6 8 1 0 0 5 3 2 7
7 9 4 3 2 1 5 6 8
5 0 9 6 0 4 8 7 0
0 0 8 0 0 0 0 0 0
0 0 7 5 0 0 6 3 9
1 5 3 0 7 0 0 4 6
9 4 2 1 0 0 7 8 3
8 7 6 2 0 3 9 1 5
------------------
Step 31 - 5 @ R5C8
------------------
3 2 5 8 6 7 1 9 4
6 8 1 0 0 5 3 2 7
7 9 4 3 2 1 5 6 8
5 0 9 6 0 4 8 7 0
0 0 8 0 0 0 0 5 0
0 0 7 5 0 0 6 3 9
1 5 3 0 7 0 0 4 6
9 4 2 1 0 0 7 8 3
8 7 6 2 0 3 9 1 5
------------------
Step 32 - 1 @ R6C2
------------------
3 2 5 8 6 7 1 9 4
6 8 1 0 0 5 3 2 7
7 9 4 3 2 1 5 6 8
5 0 9 6 0 4 8 7 0
0 0 8 0 0 0 0 5 0
0 1 7 5 0 0 6 3 9
1 5 3 0 7 0 0 4 6
9 4 2 1 0 0 7 8 3
8 7 6 2 0 3 9 1 5
------------------
Step 33 - 3 @ R4C2
------------------
3 2 5 8 6 7 1 9 4
6 8 1 0 0 5 3 2 7
7 9 4 3 2 1 5 6 8
5 3 9 6 0 4 8 7 0
0 0 8 0 0 0 0 5 0
0 1 7 5 0 0 6 3 9
1 5 3 0 7 0 0 4 6
9 4 2 1 0 0 7 8 3
8 7 6 2 0 3 9 1 5
------------------
Step 34 - 1 @ R4C5
------------------
3 2 5 8 6 7 1 9 4
6 8 1 0 0 5 3 2 7
7 9 4 3 2 1 5 6 8
5 3 9 6 1 4 8 7 0
0 0 8 0 0 0 0 5 0
0 1 7 5 0 0 6 3 9
1 5 3 0 7 0 0 4 6
9 4 2 1 0 0 7 8 3
8 7 6 2 0 3 9 1 5
------------------
Step 35 - 2 @ R4C9
------------------
3 2 5 8 6 7 1 9 4
6 8 1 0 0 5 3 2 7
7 9 4 3 2 1 5 6 8
5 3 9 6 1 4 8 7 2
0 0 8 0 0 0 0 5 0
0 1 7 5 0 0 6 3 9
1 5 3 0 7 0 0 4 6
9 4 2 1 0 0 7 8 3
8 7 6 2 0 3 9 1 5
------------------
Step 36 - 6 @ R5C2
------------------
3 2 5 8 6 7 1 9 4
6 8 1 0 0 5 3 2 7
7 9 4 3 2 1 5 6 8
5 3 9 6 1 4 8 7 2
0 6 8 0 0 0 0 5 0
0 1 7 5 0 0 6 3 9
1 5 3 0 7 0 0 4 6
9 4 2 1 0 0 7 8 3
8 7 6 2 0 3 9 1 5
------------------
Step 37 - 4 @ R5C7
------------------
3 2 5 8 6 7 1 9 4
6 8 1 0 0 5 3 2 7
7 9 4 3 2 1 5 6 8
5 3 9 6 1 4 8 7 2
0 6 8 0 0 0 4 5 0
0 1 7 5 0 0 6 3 9
1 5 3 0 7 0 0 4 6
9 4 2 1 0 0 7 8 3
8 7 6 2 0 3 9 1 5
------------------
Step 38 - 2 @ R5C1
------------------
3 2 5 8 6 7 1 9 4
6 8 1 0 0 5 3 2 7
7 9 4 3 2 1 5 6 8
5 3 9 6 1 4 8 7 2
2 6 8 0 0 0 4 5 0
0 1 7 5 0 0 6 3 9
1 5 3 0 7 0 0 4 6
9 4 2 1 0 0 7 8 3
8 7 6 2 0 3 9 1 5
------------------
Step 39 - 9 @ R5C6
------------------
3 2 5 8 6 7 1 9 4
6 8 1 0 0 5 3 2 7
7 9 4 3 2 1 5 6 8
5 3 9 6 1 4 8 7 2
2 6 8 0 0 9 4 5 0
0 1 7 5 0 0 6 3 9
1 5 3 0 7 0 0 4 6
9 4 2 1 0 0 7 8 3
8 7 6 2 0 3 9 1 5
------------------
Step 40 - 7 @ R5C4
------------------
3 2 5 8 6 7 1 9 4
6 8 1 0 0 5 3 2 7
7 9 4 3 2 1 5 6 8
5 3 9 6 1 4 8 7 2
2 6 8 7 0 9 4 5 0
0 1 7 5 0 0 6 3 9
1 5 3 0 7 0 0 4 6
9 4 2 1 0 0 7 8 3
8 7 6 2 0 3 9 1 5
------------------
Step 41 - 3 @ R5C5
------------------
3 2 5 8 6 7 1 9 4
6 8 1 0 0 5 3 2 7
7 9 4 3 2 1 5 6 8
5 3 9 6 1 4 8 7 2
2 6 8 7 3 9 4 5 0
0 1 7 5 0 0 6 3 9
1 5 3 0 7 0 0 4 6
9 4 2 1 0 0 7 8 3
8 7 6 2 0 3 9 1 5
------------------
Step 42 - 1 @ R5C9
------------------
3 2 5 8 6 7 1 9 4
6 8 1 0 0 5 3 2 7
7 9 4 3 2 1 5 6 8
5 3 9 6 1 4 8 7 2
2 6 8 7 3 9 4 5 1
0 1 7 5 0 0 6 3 9
1 5 3 0 7 0 0 4 6
9 4 2 1 0 0 7 8 3
8 7 6 2 0 3 9 1 5
------------------
Step 43 - 4 @ R6C1
------------------
3 2 5 8 6 7 1 9 4
6 8 1 0 0 5 3 2 7
7 9 4 3 2 1 5 6 8
5 3 9 6 1 4 8 7 2
2 6 8 7 3 9 4 5 1
4 1 7 5 0 0 6 3 9
1 5 3 0 7 0 0 4 6
9 4 2 1 0 0 7 8 3
8 7 6 2 0 3 9 1 5
------------------
Step 44 - 8 @ R6C5
------------------
3 2 5 8 6 7 1 9 4
6 8 1 0 0 5 3 2 7
7 9 4 3 2 1 5 6 8
5 3 9 6 1 4 8 7 2
2 6 8 7 3 9 4 5 1
4 1 7 5 8 0 6 3 9
1 5 3 0 7 0 0 4 6
9 4 2 1 0 0 7 8 3
8 7 6 2 0 3 9 1 5
------------------
Step 45 - 2 @ R6C6
------------------
3 2 5 8 6 7 1 9 4
6 8 1 0 0 5 3 2 7
7 9 4 3 2 1 5 6 8
5 3 9 6 1 4 8 7 2
2 6 8 7 3 9 4 5 1
4 1 7 5 8 2 6 3 9
1 5 3 0 7 0 0 4 6
9 4 2 1 0 0 7 8 3
8 7 6 2 0 3 9 1 5
------------------
Step 46 - 9 @ R7C4
------------------
3 2 5 8 6 7 1 9 4
6 8 1 0 0 5 3 2 7
7 9 4 3 2 1 5 6 8
5 3 9 6 1 4 8 7 2
2 6 8 7 3 9 4 5 1
4 1 7 5 8 2 6 3 9
1 5 3 9 7 0 0 4 6
9 4 2 1 0 0 7 8 3
8 7 6 2 0 3 9 1 5
------------------
Step 47 - 4 @ R2C4
------------------
3 2 5 8 6 7 1 9 4
6 8 1 4 0 5 3 2 7
7 9 4 3 2 1 5 6 8
5 3 9 6 1 4 8 7 2
2 6 8 7 3 9 4 5 1
4 1 7 5 8 2 6 3 9
1 5 3 9 7 0 0 4 6
9 4 2 1 0 0 7 8 3
8 7 6 2 0 3 9 1 5
------------------
Step 48 - 9 @ R2C5
------------------
3 2 5 8 6 7 1 9 4
6 8 1 4 9 5 3 2 7
7 9 4 3 2 1 5 6 8
5 3 9 6 1 4 8 7 2
2 6 8 7 3 9 4 5 1
4 1 7 5 8 2 6 3 9
1 5 3 9 7 0 0 4 6
9 4 2 1 0 0 7 8 3
8 7 6 2 0 3 9 1 5
------------------
Step 49 - 8 @ R7C6
------------------
3 2 5 8 6 7 1 9 4
6 8 1 4 9 5 3 2 7
7 9 4 3 2 1 5 6 8
5 3 9 6 1 4 8 7 2
2 6 8 7 3 9 4 5 1
4 1 7 5 8 2 6 3 9
1 5 3 9 7 8 0 4 6
9 4 2 1 0 0 7 8 3
8 7 6 2 0 3 9 1 5
------------------
Step 50 - 2 @ R7C7
------------------
3 2 5 8 6 7 1 9 4
6 8 1 4 9 5 3 2 7
7 9 4 3 2 1 5 6 8
5 3 9 6 1 4 8 7 2
2 6 8 7 3 9 4 5 1
4 1 7 5 8 2 6 3 9
1 5 3 9 7 8 2 4 6
9 4 2 1 0 0 7 8 3
8 7 6 2 0 3 9 1 5
------------------
Step 51 - 5 @ R8C5
------------------
3 2 5 8 6 7 1 9 4
6 8 1 4 9 5 3 2 7
7 9 4 3 2 1 5 6 8
5 3 9 6 1 4 8 7 2
2 6 8 7 3 9 4 5 1
4 1 7 5 8 2 6 3 9
1 5 3 9 7 8 2 4 6
9 4 2 1 5 0 7 8 3
8 7 6 2 0 3 9 1 5
------------------
Step 52 - 6 @ R8C6
------------------
3 2 5 8 6 7 1 9 4
6 8 1 4 9 5 3 2 7
7 9 4 3 2 1 5 6 8
5 3 9 6 1 4 8 7 2
2 6 8 7 3 9 4 5 1
4 1 7 5 8 2 6 3 9
1 5 3 9 7 8 2 4 6
9 4 2 1 5 6 7 8 3
8 7 6 2 0 3 9 1 5
------------------
Step 53 - 4 @ R9C5
------------------
3 2 5 8 6 7 1 9 4
6 8 1 4 9 5 3 2 7
7 9 4 3 2 1 5 6 8
5 3 9 6 1 4 8 7 2
2 6 8 7 3 9 4 5 1
4 1 7 5 8 2 6 3 9
1 5 3 9 7 8 2 4 6
9 4 2 1 5 6 7 8 3
8 7 6 2 4 3 9 1 5
------------------