------------------
Step 1 - 3 @ R7C4
------------------
0 0 1 7 2 5 0 0 0
0 8 0 0 1 0 0 0 6
2 5 0 0 0 0 1 3 0
0 7 0 0 0 0 5 0 0
0 0 0 1 0 6 0 0 0
0 0 9 0 0 0 0 8 0
0 4 5 3 0 0 0 2 9
7 0 0 0 9 0 0 6 0
0 0 0 6 4 8 3 0 0
------------------
Step 2 - 7 @ R7C5
------------------
0 0 1 7 2 5 0 0 0
0 8 0 0 1 0 0 0 6
2 5 0 0 0 0 1 3 0
0 7 0 0 0 0 5 0 0
0 0 0 1 0 6 0 0 0
0 0 9 0 0 0 0 8 0
0 4 5 3 7 0 0 2 9
7 0 0 0 9 0 0 6 0
0 0 0 6 4 8 3 0 0
------------------
Step 3 - 1 @ R7C6
------------------
0 0 1 7 2 5 0 0 0
0 8 0 0 1 0 0 0 6
2 5 0 0 0 0 1 3 0
0 7 0 0 0 0 5 0 0
0 0 0 1 0 6 0 0 0
0 0 9 0 0 0 0 8 0
0 4 5 3 7 1 0 2 9
7 0 0 0 9 0 0 6 0
0 0 0 6 4 8 3 0 0
------------------
Step 4 - 8 @ R7C7
------------------
0 0 1 7 2 5 0 0 0
0 8 0 0 1 0 0 0 6
2 5 0 0 0 0 1 3 0
0 7 0 0 0 0 5 0 0
0 0 0 1 0 6 0 0 0
0 0 9 0 0 0 0 8 0
0 4 5 3 7 1 8 2 9
7 0 0 0 9 0 0 6 0
0 0 0 6 4 8 3 0 0
------------------
Step 5 - 6 @ R7C1
------------------
0 0 1 7 2 5 0 0 0
0 8 0 0 1 0 0 0 6
2 5 0 0 0 0 1 3 0
0 7 0 0 0 0 5 0 0
0 0 0 1 0 6 0 0 0
0 0 9 0 0 0 0 8 0
6 4 5 3 7 1 8 2 9
7 0 0 0 9 0 0 6 0
0 0 0 6 4 8 3 0 0
------------------
Step 6 - 2 @ R8C6
------------------
0 0 1 7 2 5 0 0 0
0 8 0 0 1 0 0 0 6
2 5 0 0 0 0 1 3 0
0 7 0 0 0 0 5 0 0
0 0 0 1 0 6 0 0 0
0 0 9 0 0 0 0 8 0
6 4 5 3 7 1 8 2 9
7 0 0 0 9 2 0 6 0
0 0 0 6 4 8 3 0 0
------------------
Step 7 - 5 @ R8C4
------------------
0 0 1 7 2 5 0 0 0
0 8 0 0 1 0 0 0 6
2 5 0 0 0 0 1 3 0
0 7 0 0 0 0 5 0 0
0 0 0 1 0 6 0 0 0
0 0 9 0 0 0 0 8 0
6 4 5 3 7 1 8 2 9
7 0 0 5 9 2 0 6 0
0 0 0 6 4 8 3 0 0
------------------
Step 8 - 4 @ R8C7
------------------
0 0 1 7 2 5 0 0 0
0 8 0 0 1 0 0 0 6
2 5 0 0 0 0 1 3 0
0 7 0 0 0 0 5 0 0
0 0 0 1 0 6 0 0 0
0 0 9 0 0 0 0 8 0
6 4 5 3 7 1 8 2 9
7 0 0 5 9 2 4 6 0
0 0 0 6 4 8 3 0 0
------------------
Step 9 - 9 @ R1C7
------------------
0 0 1 7 2 5 9 0 0
0 8 0 0 1 0 0 0 6
2 5 0 0 0 0 1 3 0
0 7 0 0 0 0 5 0 0
0 0 0 1 0 6 0 0 0
0 0 9 0 0 0 0 8 0
6 4 5 3 7 1 8 2 9
7 0 0 5 9 2 4 6 0
0 0 0 6 4 8 3 0 0
------------------
Step 10 - 4 @ R1C8
------------------
0 0 1 7 2 5 9 4 0
0 8 0 0 1 0 0 0 6
2 5 0 0 0 0 1 3 0
0 7 0 0 0 0 5 0 0
0 0 0 1 0 6 0 0 0
0 0 9 0 0 0 0 8 0
6 4 5 3 7 1 8 2 9
7 0 0 5 9 2 4 6 0
0 0 0 6 4 8 3 0 0
------------------
Step 11 - 3 @ R1C1
------------------
3 0 1 7 2 5 9 4 0
0 8 0 0 1 0 0 0 6
2 5 0 0 0 0 1 3 0
0 7 0 0 0 0 5 0 0
0 0 0 1 0 6 0 0 0
0 0 9 0 0 0 0 8 0
6 4 5 3 7 1 8 2 9
7 0 0 5 9 2 4 6 0
0 0 0 6 4 8 3 0 0
------------------
Step 12 - 6 @ R1C2
------------------
3 6 1 7 2 5 9 4 0
0 8 0 0 1 0 0 0 6
2 5 0 0 0 0 1 3 0
0 7 0 0 0 0 5 0 0
0 0 0 1 0 6 0 0 0
0 0 9 0 0 0 0 8 0
6 4 5 3 7 1 8 2 9
7 0 0 5 9 2 4 6 0
0 0 0 6 4 8 3 0 0
------------------
Step 13 - 8 @ R1C9
------------------
3 6 1 7 2 5 9 4 8
0 8 0 0 1 0 0 0 6
2 5 0 0 0 0 1 3 0
0 7 0 0 0 0 5 0 0
0 0 0 1 0 6 0 0 0
0 0 9 0 0 0 0 8 0
6 4 5 3 7 1 8 2 9
7 0 0 5 9 2 4 6 0
0 0 0 6 4 8 3 0 0
------------------
Step 14 - 7 @ R3C9
------------------
3 6 1 7 2 5 9 4 8
0 8 0 0 1 0 0 0 6
2 5 0 0 0 0 1 3 7
0 7 0 0 0 0 5 0 0
0 0 0 1 0 6 0 0 0
0 0 9 0 0 0 0 8 0
6 4 5 3 7 1 8 2 9
7 0 0 5 9 2 4 6 0
0 0 0 6 4 8 3 0 0
------------------
Step 15 - 2 @ R2C7
------------------
3 6 1 7 2 5 9 4 8
0 8 0 0 1 0 2 0 6
2 5 0 0 0 0 1 3 7
0 7 0 0 0 0 5 0 0
0 0 0 1 0 6 0 0 0
0 0 9 0 0 0 0 8 0
6 4 5 3 7 1 8 2 9
7 0 0 5 9 2 4 6 0
0 0 0 6 4 8 3 0 0
------------------
Step 16 - 5 @ R2C8
------------------
3 6 1 7 2 5 9 4 8
0 8 0 0 1 0 2 5 6
2 5 0 0 0 0 1 3 7
0 7 0 0 0 0 5 0 0
0 0 0 1 0 6 0 0 0
0 0 9 0 0 0 0 8 0
6 4 5 3 7 1 8 2 9
7 0 0 5 9 2 4 6 0
0 0 0 6 4 8 3 0 0
------------------
Step 17 - 4 @ R3C3
------------------
3 6 1 7 2 5 9 4 8
0 8 0 0 1 0 2 5 6
2 5 4 0 0 0 1 3 7
0 7 0 0 0 0 5 0 0
0 0 0 1 0 6 0 0 0
0 0 9 0 0 0 0 8 0
6 4 5 3 7 1 8 2 9
7 0 0 5 9 2 4 6 0
0 0 0 6 4 8 3 0 0
------------------
Step 18 - 9 @ R2C1
------------------
3 6 1 7 2 5 9 4 8
9 8 0 0 1 0 2 5 6
2 5 4 0 0 0 1 3 7
0 7 0 0 0 0 5 0 0
0 0 0 1 0 6 0 0 0
0 0 9 0 0 0 0 8 0
6 4 5 3 7 1 8 2 9
7 0 0 5 9 2 4 6 0
0 0 0 6 4 8 3 0 0
------------------
Step 19 - 7 @ R2C3
------------------
3 6 1 7 2 5 9 4 8
9 8 7 0 1 0 2 5 6
2 5 4 0 0 0 1 3 7
0 7 0 0 0 0 5 0 0
0 0 0 1 0 6 0 0 0
0 0 9 0 0 0 0 8 0
6 4 5 3 7 1 8 2 9
7 0 0 5 9 2 4 6 0
0 0 0 6 4 8 3 0 0
------------------
Step 20 - 4 @ R2C4
------------------
3 6 1 7 2 5 9 4 8
9 8 7 4 1 0 2 5 6
2 5 4 0 0 0 1 3 7
0 7 0 0 0 0 5 0 0
0 0 0 1 0 6 0 0 0
0 0 9 0 0 0 0 8 0
6 4 5 3 7 1 8 2 9
7 0 0 5 9 2 4 6 0
0 0 0 6 4 8 3 0 0
------------------
Step 21 - 3 @ R2C6
------------------
3 6 1 7 2 5 9 4 8
9 8 7 4 1 3 2 5 6
2 5 4 0 0 0 1 3 7
0 7 0 0 0 0 5 0 0
0 0 0 1 0 6 0 0 0
0 0 9 0 0 0 0 8 0
6 4 5 3 7 1 8 2 9
7 0 0 5 9 2 4 6 0
0 0 0 6 4 8 3 0 0
------------------
Step 22 - 9 @ R3C6
------------------
3 6 1 7 2 5 9 4 8
9 8 7 4 1 3 2 5 6
2 5 4 0 0 9 1 3 7
0 7 0 0 0 0 5 0 0
0 0 0 1 0 6 0 0 0
0 0 9 0 0 0 0 8 0
6 4 5 3 7 1 8 2 9
7 0 0 5 9 2 4 6 0
0 0 0 6 4 8 3 0 0
------------------
Step 23 - 8 @ R3C4
------------------
3 6 1 7 2 5 9 4 8
9 8 7 4 1 3 2 5 6
2 5 4 8 0 9 1 3 7
0 7 0 0 0 0 5 0 0
0 0 0 1 0 6 0 0 0
0 0 9 0 0 0 0 8 0
6 4 5 3 7 1 8 2 9
7 0 0 5 9 2 4 6 0
0 0 0 6 4 8 3 0 0
------------------
Step 24 - 6 @ R3C5
------------------
3 6 1 7 2 5 9 4 8
9 8 7 4 1 3 2 5 6
2 5 4 8 6 9 1 3 7
0 7 0 0 0 0 5 0 0
0 0 0 1 0 6 0 0 0
0 0 9 0 0 0 0 8 0
6 4 5 3 7 1 8 2 9
7 0 0 5 9 2 4 6 0
0 0 0 6 4 8 3 0 0
------------------
Step 25 - 4 @ R4C6
------------------
3 6 1 7 2 5 9 4 8
9 8 7 4 1 3 2 5 6
2 5 4 8 6 9 1 3 7
0 7 0 0 0 4 5 0 0
0 0 0 1 0 6 0 0 0
0 0 9 0 0 0 0 8 0
6 4 5 3 7 1 8 2 9
7 0 0 5 9 2 4 6 0
0 0 0 6 4 8 3 0 0
------------------
Step 26 - 7 @ R5C7
------------------
3 6 1 7 2 5 9 4 8
9 8 7 4 1 3 2 5 6
2 5 4 8 6 9 1 3 7
0 7 0 0 0 4 5 0 0
0 0 0 1 0 6 7 0 0
0 0 9 0 0 0 0 8 0
6 4 5 3 7 1 8 2 9
7 0 0 5 9 2 4 6 0
0 0 0 6 4 8 3 0 0
------------------
Step 27 - 9 @ R5C8
------------------
3 6 1 7 2 5 9 4 8
9 8 7 4 1 3 2 5 6
2 5 4 8 6 9 1 3 7
0 7 0 0 0 4 5 0 0
0 0 0 1 0 6 7 9 0
0 0 9 0 0 0 0 8 0
6 4 5 3 7 1 8 2 9
7 0 0 5 9 2 4 6 0
0 0 0 6 4 8 3 0 0
------------------
Step 28 - 1 @ R4C8
------------------
3 6 1 7 2 5 9 4 8
9 8 7 4 1 3 2 5 6
2 5 4 8 6 9 1 3 7
0 7 0 0 0 4 5 1 0
0 0 0 1 0 6 7 9 0
0 0 9 0 0 0 0 8 0
6 4 5 3 7 1 8 2 9
7 0 0 5 9 2 4 6 0
0 0 0 6 4 8 3 0 0
------------------
Step 29 - 8 @ R4C1
------------------
3 6 1 7 2 5 9 4 8
9 8 7 4 1 3 2 5 6
2 5 4 8 6 9 1 3 7
8 7 0 0 0 4 5 1 0
0 0 0 1 0 6 7 9 0
0 0 9 0 0 0 0 8 0
6 4 5 3 7 1 8 2 9
7 0 0 5 9 2 4 6 0
0 0 0 6 4 8 3 0 0
------------------
Step 30 - 3 @ R4C5
------------------
3 6 1 7 2 5 9 4 8
9 8 7 4 1 3 2 5 6
2 5 4 8 6 9 1 3 7
8 7 0 0 3 4 5 1 0
0 0 0 1 0 6 7 9 0
0 0 9 0 0 0 0 8 0
6 4 5 3 7 1 8 2 9
7 0 0 5 9 2 4 6 0
0 0 0 6 4 8 3 0 0
------------------
Step 31 - 2 @ R4C9
------------------
3 6 1 7 2 5 9 4 8
9 8 7 4 1 3 2 5 6
2 5 4 8 6 9 1 3 7
8 7 0 0 3 4 5 1 2
0 0 0 1 0 6 7 9 0
0 0 9 0 0 0 0 8 0
6 4 5 3 7 1 8 2 9
7 0 0 5 9 2 4 6 0
0 0 0 6 4 8 3 0 0
------------------
Step 32 - 6 @ R4C3
------------------
3 6 1 7 2 5 9 4 8
9 8 7 4 1 3 2 5 6
2 5 4 8 6 9 1 3 7
8 7 6 0 3 4 5 1 2
0 0 0 1 0 6 7 9 0
0 0 9 0 0 0 0 8 0
6 4 5 3 7 1 8 2 9
7 0 0 5 9 2 4 6 0
0 0 0 6 4 8 3 0 0
------------------
Step 33 - 9 @ R4C4
------------------
3 6 1 7 2 5 9 4 8
9 8 7 4 1 3 2 5 6
2 5 4 8 6 9 1 3 7
8 7 6 9 3 4 5 1 2
0 0 0 1 0 6 7 9 0
0 0 9 0 0 0 0 8 0
6 4 5 3 7 1 8 2 9
7 0 0 5 9 2 4 6 0
0 0 0 6 4 8 3 0 0
------------------
Step 34 - 2 @ R6C4
------------------
3 6 1 7 2 5 9 4 8
9 8 7 4 1 3 2 5 6
2 5 4 8 6 9 1 3 7
8 7 6 9 3 4 5 1 2
0 0 0 1 0 6 7 9 0
0 0 9 2 0 0 0 8 0
6 4 5 3 7 1 8 2 9
7 0 0 5 9 2 4 6 0
0 0 0 6 4 8 3 0 0
------------------
Step 35 - 5 @ R6C5
------------------
3 6 1 7 2 5 9 4 8
9 8 7 4 1 3 2 5 6
2 5 4 8 6 9 1 3 7
8 7 6 9 3 4 5 1 2
0 0 0 1 0 6 7 9 0
0 0 9 2 5 0 0 8 0
6 4 5 3 7 1 8 2 9
7 0 0 5 9 2 4 6 0
0 0 0 6 4 8 3 0 0
------------------
Step 36 - 8 @ R5C5
------------------
3 6 1 7 2 5 9 4 8
9 8 7 4 1 3 2 5 6
2 5 4 8 6 9 1 3 7
8 7 6 9 3 4 5 1 2
0 0 0 1 8 6 7 9 0
0 0 9 2 5 0 0 8 0
6 4 5 3 7 1 8 2 9
7 0 0 5 9 2 4 6 0
0 0 0 6 4 8 3 0 0
------------------
Step 37 - 7 @ R6C6
------------------
3 6 1 7 2 5 9 4 8
9 8 7 4 1 3 2 5 6
2 5 4 8 6 9 1 3 7
8 7 6 9 3 4 5 1 2
0 0 0 1 8 6 7 9 0
0 0 9 2 5 7 0 8 0
6 4 5 3 7 1 8 2 9
7 0 0 5 9 2 4 6 0
0 0 0 6 4 8 3 0 0
------------------
Step 38 - 6 @ R6C7
------------------
3 6 1 7 2 5 9 4 8
9 8 7 4 1 3 2 5 6
2 5 4 8 6 9 1 3 7
8 7 6 9 3 4 5 1 2
0 0 0 1 8 6 7 9 0
0 0 9 2 5 7 6 8 0
6 4 5 3 7 1 8 2 9
7 0 0 5 9 2 4 6 0
0 0 0 6 4 8 3 0 0
------------------
Step 39 - 1 @ R8C9
------------------
3 6 1 7 2 5 9 4 8
9 8 7 4 1 3 2 5 6
2 5 4 8 6 9 1 3 7
8 7 6 9 3 4 5 1 2
0 0 0 1 8 6 7 9 0
0 0 9 2 5 7 6 8 0
6 4 5 3 7 1 8 2 9
7 0 0 5 9 2 4 6 1
0 0 0 6 4 8 3 0 0
------------------
Step 40 - 3 @ R8C2
------------------
3 6 1 7 2 5 9 4 8
9 8 7 4 1 3 2 5 6
2 5 4 8 6 9 1 3 7
8 7 6 9 3 4 5 1 2
0 0 0 1 8 6 7 9 0
0 0 9 2 5 7 6 8 0
6 4 5 3 7 1 8 2 9
7 3 0 5 9 2 4 6 1
0 0 0 6 4 8 3 0 0
------------------
Step 41 - 2 @ R5C2
------------------
3 6 1 7 2 5 9 4 8
9 8 7 4 1 3 2 5 6
2 5 4 8 6 9 1 3 7
8 7 6 9 3 4 5 1 2
0 2 0 1 8 6 7 9 0
0 0 9 2 5 7 6 8 0
6 4 5 3 7 1 8 2 9
7 3 0 5 9 2 4 6 1
0 0 0 6 4 8 3 0 0
------------------
Step 42 - 3 @ R5C3
------------------
3 6 1 7 2 5 9 4 8
9 8 7 4 1 3 2 5 6
2 5 4 8 6 9 1 3 7
8 7 6 9 3 4 5 1 2
0 2 3 1 8 6 7 9 0
0 0 9 2 5 7 6 8 0
6 4 5 3 7 1 8 2 9
7 3 0 5 9 2 4 6 1
0 0 0 6 4 8 3 0 0
------------------
Step 43 - 4 @ R5C9
------------------
3 6 1 7 2 5 9 4 8
9 8 7 4 1 3 2 5 6
2 5 4 8 6 9 1 3 7
8 7 6 9 3 4 5 1 2
0 2 3 1 8 6 7 9 4
0 0 9 2 5 7 6 8 0
6 4 5 3 7 1 8 2 9
7 3 0 5 9 2 4 6 1
0 0 0 6 4 8 3 0 0
------------------
Step 44 - 5 @ R5C1
------------------
3 6 1 7 2 5 9 4 8
9 8 7 4 1 3 2 5 6
2 5 4 8 6 9 1 3 7
8 7 6 9 3 4 5 1 2
5 2 3 1 8 6 7 9 4
0 0 9 2 5 7 6 8 0
6 4 5 3 7 1 8 2 9
7 3 0 5 9 2 4 6 1
0 0 0 6 4 8 3 0 0
------------------
Step 45 - 1 @ R6C2
------------------
3 6 1 7 2 5 9 4 8
9 8 7 4 1 3 2 5 6
2 5 4 8 6 9 1 3 7
8 7 6 9 3 4 5 1 2
5 2 3 1 8 6 7 9 4
0 1 9 2 5 7 6 8 0
6 4 5 3 7 1 8 2 9
7 3 0 5 9 2 4 6 1
0 0 0 6 4 8 3 0 0
------------------
Step 46 - 4 @ R6C1
------------------
3 6 1 7 2 5 9 4 8
9 8 7 4 1 3 2 5 6
2 5 4 8 6 9 1 3 7
8 7 6 9 3 4 5 1 2
5 2 3 1 8 6 7 9 4
4 1 9 2 5 7 6 8 0
6 4 5 3 7 1 8 2 9
7 3 0 5 9 2 4 6 1
0 0 0 6 4 8 3 0 0
------------------
Step 47 - 3 @ R6C9
------------------
3 6 1 7 2 5 9 4 8
9 8 7 4 1 3 2 5 6
2 5 4 8 6 9 1 3 7
8 7 6 9 3 4 5 1 2
5 2 3 1 8 6 7 9 4
4 1 9 2 5 7 6 8 3
6 4 5 3 7 1 8 2 9
7 3 0 5 9 2 4 6 1
0 0 0 6 4 8 3 0 0
------------------
Step 48 - 8 @ R8C3
------------------
3 6 1 7 2 5 9 4 8
9 8 7 4 1 3 2 5 6
2 5 4 8 6 9 1 3 7
8 7 6 9 3 4 5 1 2
5 2 3 1 8 6 7 9 4
4 1 9 2 5 7 6 8 3
6 4 5 3 7 1 8 2 9
7 3 8 5 9 2 4 6 1
0 0 0 6 4 8 3 0 0
------------------
Step 49 - 1 @ R9C1
------------------
3 6 1 7 2 5 9 4 8
9 8 7 4 1 3 2 5 6
2 5 4 8 6 9 1 3 7
8 7 6 9 3 4 5 1 2
5 2 3 1 8 6 7 9 4
4 1 9 2 5 7 6 8 3
6 4 5 3 7 1 8 2 9
7 3 8 5 9 2 4 6 1
1 0 0 6 4 8 3 0 0
------------------
Step 50 - 9 @ R9C2
------------------
3 6 1 7 2 5 9 4 8
9 8 7 4 1 3 2 5 6
2 5 4 8 6 9 1 3 7
8 7 6 9 3 4 5 1 2
5 2 3 1 8 6 7 9 4
4 1 9 2 5 7 6 8 3
6 4 5 3 7 1 8 2 9
7 3 8 5 9 2 4 6 1
1 9 0 6 4 8 3 0 0
------------------
Step 51 - 2 @ R9C3
------------------
3 6 1 7 2 5 9 4 8
9 8 7 4 1 3 2 5 6
2 5 4 8 6 9 1 3 7
8 7 6 9 3 4 5 1 2
5 2 3 1 8 6 7 9 4
4 1 9 2 5 7 6 8 3
6 4 5 3 7 1 8 2 9
7 3 8 5 9 2 4 6 1
1 9 2 6 4 8 3 0 0
------------------
Step 52 - 7 @ R9C8
------------------
3 6 1 7 2 5 9 4 8
9 8 7 4 1 3 2 5 6
2 5 4 8 6 9 1 3 7
8 7 6 9 3 4 5 1 2
5 2 3 1 8 6 7 9 4
4 1 9 2 5 7 6 8 3
6 4 5 3 7 1 8 2 9
7 3 8 5 9 2 4 6 1
1 9 2 6 4 8 3 7 0
------------------
Step 53 - 5 @ R9C9
------------------
3 6 1 7 2 5 9 4 8
9 8 7 4 1 3 2 5 6
2 5 4 8 6 9 1 3 7
8 7 6 9 3 4 5 1 2
5 2 3 1 8 6 7 9 4
4 1 9 2 5 7 6 8 3
6 4 5 3 7 1 8 2 9
7 3 8 5 9 2 4 6 1
1 9 2 6 4 8 3 7 5
------------------